=====================Replication count====================================
1
=====================Line Failure and Hardening in Storm Path====================================
LineNum  FromBus   ToBus   FailureRate  IsReinforce  Failed
1    1   21  0.000000  1   0
2    2   1  0.000000  1   0
3    2   33  0.350000  0   1
4    3   2  0.350000  0   1
5    3   4  0.350000  0   1
6    4   1  0.350000  0   1
7    5   4  0.350000  0   1
8    5   31  0.350000  0   1
13    9   30  0.350000  0   1
15    10   11  0.350000  0   1
19    13   12  0.350000  0   1
20    13   24  0.350000  0   1
=====================Tripped Lines ====================================
LineNum  FromBus   ToBus
1   1   21
3   2   33
4   3   2
5   3   4
6   4   1
7   5   4
8   5   31
13   9   30
15   10   11
19   13   12
20   13   24
=====================Loss of Loads ====================================
LoadBus   LoadBefore   LoadAfter  SheddingLoad
3   0.090000   0.000000   0.090000
12   2.740000   2.466000   0.274000
11   6.800000   6.120000   0.680000
=====================Tripped Generators ====================================
Bus
21
24
=====================Replication count====================================
2
=====================Line Failure and Hardening in Storm Path====================================
LineNum  FromBus   ToBus   FailureRate  IsReinforce  Failed
1    1   21  0.000000  1   0
2    2   1  0.000000  1   0
6    4   1  0.350000  0   1
7    5   4  0.350000  0   1
9    6   5  0.350000  0   1
10    7   6  0.350000  0   1
13    9   30  0.350000  0   1
15    10   11  0.350000  0   1
20    13   24  0.350000  0   1
22    14   25  0.350000  0   1
=====================Tripped Lines ====================================
LineNum  FromBus   ToBus
6   4   1
7   5   4
9   6   5
10   7   6
13   9   30
15   10   11
16   10   22
17   11   23
20   13   24
22   14   25
28   18   8
33   20   26
37   32   31
43   37   29
=====================Loss of Loads ====================================
LoadBus   LoadBefore   LoadAfter  SheddingLoad
16   2.240000   1.120000   1.120000
17   1.390000   0.695000   0.695000
18   2.810000   1.405000   1.405000
19   2.060000   1.030000   1.030000
20   2.840000   1.420000   1.420000
30   3.220000   1.610000   1.610000
31   5.000000   2.500000   2.500000
6   3.200000   0.000000   3.200000
7   3.290000   0.000000   3.290000
9   1.580000   0.000000   1.580000
12   2.740000   0.000000   2.740000
14   2.480000   0.000000   2.480000
15   3.090000   0.000000   3.090000
11   6.800000   0.000000   6.800000
=====================Tripped Generators ====================================
Bus
22
23
23
24
25
26
=====================Replication count====================================
3
=====================Line Failure and Hardening in Storm Path====================================
LineNum  FromBus   ToBus   FailureRate  IsReinforce  Failed
1    1   21  0.000000  1   0
2    2   1  0.000000  1   0
3    2   33  0.350000  0   1
7    5   4  0.350000  0   1
8    5   31  0.350000  0   1
9    6   5  0.350000  0   1
11    8   7  0.350000  0   1
14    10   7  0.350000  0   1
17    11   23  0.350000  0   1
19    13   12  0.350000  0   1
21    14   13  0.350000  0   1
=====================Tripped Lines ====================================
LineNum  FromBus   ToBus
1   1   21
3   2   33
7   5   4
8   5   31
9   6   5
11   8   7
14   10   7
17   11   23
19   13   12
20   13   24
21   14   13
=====================Loss of Loads ====================================
LoadBus   LoadBefore   LoadAfter  SheddingLoad
3   0.090000   0.000000   0.090000
6   3.200000   2.720000   0.480000
7   3.290000   2.796500   0.493500
12   2.740000   2.329000   0.411000
14   2.480000   2.108000   0.372000
15   3.090000   2.626500   0.463500
11   6.800000   3.400000   3.400000
=====================Tripped Generators ====================================
Bus
21
23
23
24  
