=====================Line Failure and Hardening in Storm Path====================================
LineNum  FromBus   ToBus   FailureRate  IsReinforce  Failed
3    2   33  0.300000  0   1
5    3   4  0.300000  0   1
6    4   1  0.300000  0   1
7    5   4  0.300000  0   1
13    9   30  0.300000  0   1
15    10   11  0.300000  0   1
19    13   12  0.300000  0   1
20    13   24  0.000000  1   0
=====================Tripped Lines ====================================
LineNum  FromBus   ToBus
1   1   21 
2   2   33 
3   3   4 
4   4   1 
5   5   4 
6   9   30 
7   10   11 
8   13   12 
=====================Loss of Loads ====================================
LoadBus   LoadBefore   LoadAfter  SheddingLoad
3   0.090000   0.000000   0.090000 
6   3.200000   1.600000   1.600000 
7   3.290000   1.645000   1.645000 
9   1.580000   0.790000   0.790000 
12   2.740000   1.370000   1.370000 
15   3.090000   1.545000   1.545000 
31   5.000000   2.500000   2.500000 
11   6.800000   6.120000   0.680000 
=====================Tripped Generators ====================================
Bus
21  
=====================Line Failure and Hardening in Storm Path====================================
LineNum  FromBus   ToBus   FailureRate  IsReinforce  Failed
2    2   1  0.300000  0   1
7    5   4  0.300000  0   1
9    6   5  0.300000  0   1
10    7   6  0.300000  0   1
13    9   30  0.300000  0   1
15    10   11  0.300000  0   1
20    13   24  0.000000  1   0
22    14   25  0.300000  0   1
=====================Tripped Lines ====================================
LineNum  FromBus   ToBus
1   1   21 
2   2   1 
3   5   4 
4   6   5 
5   7   6 
6   9   30 
7   10   11 
8   11   23 
9   14   25 
10   17   16 
11   105   101 
12   106   105 
13   107   105 
14   111   105 
15   133   131 
16   133   132 
17   135   115 
18   135   122 
19   135   131 
20   135   132 
21   135   133 
22   135   134 
23   138   67 
24   138   126 
25   138   132 
26   138   137 
27   139   131 
28   139   135 
29   139   136 
=====================Loss of Loads ====================================
LoadBus   LoadBefore   LoadAfter  SheddingLoad
3   0.090000   0.076500   0.013500 
16   2.240000   2.016000   0.224000 
30   3.220000   2.898000   0.322000 
31   5.000000   4.500000   0.500000 
34   2.340000   1.170000   1.170000 
35   5.220000   2.610000   2.610000 
41   7.000000   3.500000   3.500000 
126   4.500000   2.250000   2.250000 
129   6.100000   5.490000   0.610000 
131   11.600000   10.440000   1.160000 
6   3.200000   0.000000   3.200000 
7   3.290000   1.645000   1.645000 
9   1.580000   0.790000   0.790000 
12   2.740000   1.370000   1.370000 
14   2.480000   1.240000   1.240000 
15   3.090000   1.545000   1.545000 
17   1.390000   0.695000   0.695000 
18   2.810000   1.405000   1.405000 
19   2.060000   1.030000   1.030000 
20   2.840000   1.420000   1.420000 
11   6.800000   0.000000   6.800000 
138   1.100000   0.000000   1.100000 
=====================Tripped Generators ====================================
Bus
21  
23  
23  
25  
=====================Line Failure and Hardening in Storm Path====================================
LineNum  FromBus   ToBus   FailureRate  IsReinforce  Failed
3    2   33  0.300000  0   1
7    5   4  0.300000  0   1
8    5   31  0.300000  0   1
9    6   5  0.300000  0   1
11    8   7  0.300000  0   1
14    10   7  0.300000  0   1
17    11   23  0.300000  0   1
19    13   12  0.300000  0   1
20    13   24  0.000000  1   0
21    14   13  0.300000  0   1
=====================Tripped Lines ====================================
LineNum  FromBus   ToBus
1   1   21 
2   2   33 
3   5   4 
4   5   31 
5   6   5 
6   8   7 
7   10   7 
8   11   23 
9   13   12 
10   13   24 
11   14   13 
=====================Loss of Loads ====================================
LoadBus   LoadBefore   LoadAfter  SheddingLoad
3   0.090000   0.000000   0.090000 
6   3.200000   2.720000   0.480000 
7   3.290000   2.796500   0.493500 
12   2.740000   2.329000   0.411000 
14   2.480000   2.108000   0.372000 
15   3.090000   2.626500   0.463500 
11   6.800000   3.400000   3.400000 
=====================Tripped Generators ====================================
Bus
21  
23  
23  
24  
=====================Line Failure and Hardening in Storm Path====================================
LineNum  FromBus   ToBus   FailureRate  IsReinforce  Failed
3    2   33  0.300000  0   1
5    3   4  0.300000  0   1
6    4   1  0.300000  0   1
7    5   4  0.300000  0   1
13    9   30  0.300000  0   1
15    10   11  0.300000  0   1
19    13   12  0.300000  0   1
20    13   24  0.300000  0   1
21    14   13  0.000000  1   0
=====================Tripped Lines ====================================
LineNum  FromBus   ToBus
1   1   21 
2   2   33 
3   3   4 
4   4   1 
5   5   4 
6   9   30 
7   10   11 
8   13   12 
9   13   24 
=====================Loss of Loads ====================================
LoadBus   LoadBefore   LoadAfter  SheddingLoad
3   0.090000   0.000000   0.090000 
12   2.740000   2.466000   0.274000 
11   6.800000   6.120000   0.680000 
=====================Tripped Generators ====================================
Bus
21  
24  
=====================Line Failure and Hardening in Storm Path====================================
LineNum  FromBus   ToBus   FailureRate  IsReinforce  Failed
2    2   1  0.300000  0   1
7    5   4  0.300000  0   1
9    6   5  0.300000  0   1
10    7   6  0.300000  0   1
13    9   30  0.300000  0   1
15    10   11  0.300000  0   1
20    13   24  0.300000  0   1
21    14   13  0.000000  1   0
22    14   25  0.300000  0   1
=====================Tripped Lines ====================================
LineNum  FromBus   ToBus
1   1   21 
2   2   1 
3   5   4 
4   6   5 
5   7   6 
6   9   30 
7   10   11 
8   11   23 
9   13   24 
10   14   25 
11   17   16 
12   18   8 
13   20   26 
=====================Loss of Loads ====================================
LoadBus   LoadBefore   LoadAfter  SheddingLoad
3   0.090000   0.045000   0.045000 
30   3.220000   1.610000   1.610000 
31   5.000000   2.500000   2.500000 
34   2.340000   1.170000   1.170000 
35   5.220000   2.610000   2.610000 
6   3.200000   0.000000   3.200000 
7   3.290000   2.961000   0.329000 
9   1.580000   1.422000   0.158000 
12   2.740000   2.466000   0.274000 
14   2.480000   2.232000   0.248000 
15   3.090000   2.781000   0.309000 
11   6.800000   0.000000   6.800000 
17   1.390000   0.000000   1.390000 
18   2.810000   0.000000   2.810000 
19   2.060000   0.000000   2.060000 
20   2.840000   0.000000   2.840000 
=====================Tripped Generators ====================================
Bus
21  
23  
23  
24  
25  
26  
=====================Line Failure and Hardening in Storm Path====================================
LineNum  FromBus   ToBus   FailureRate  IsReinforce  Failed
3    2   33  0.300000  0   1
7    5   4  0.300000  0   1
8    5   31  0.300000  0   1
9    6   5  0.300000  0   1
11    8   7  0.300000  0   1
14    10   7  0.300000  0   1
17    11   23  0.300000  0   1
19    13   12  0.300000  0   1
21    14   13  0.000000  1   0
=====================Tripped Lines ====================================
LineNum  FromBus   ToBus
1   1   21 
2   2   33 
3   5   4 
4   5   31 
5   6   5 
6   8   7 
7   10   7 
8   10   22 
9   11   23 
10   13   12 
=====================Loss of Loads ====================================
LoadBus   LoadBefore   LoadAfter  SheddingLoad
3   0.090000   0.000000   0.090000 
6   3.200000   1.600000   1.600000 
7   3.290000   1.645000   1.645000 
12   2.740000   1.370000   1.370000 
15   3.090000   1.545000   1.545000 
11   6.800000   0.000000   6.800000 
=====================Tripped Generators ====================================
Bus
21  
22  
23  
23  
=====================Line Failure and Hardening in Storm Path====================================
LineNum  FromBus   ToBus   FailureRate  IsReinforce  Failed
3    2   33  0.300000  0   1
5    3   4  0.300000  0   1
6    4   1  0.300000  0   1
7    5   4  0.300000  0   1
13    9   30  0.300000  0   1
15    10   11  0.300000  0   1
19    13   12  0.300000  0   1
20    13   24  0.300000  0   1
22    14   25  0.000000  1   0
=====================Tripped Lines ====================================
LineNum  FromBus   ToBus
1   1   21 
2   2   33 
3   3   4 
4   4   1 
5   5   4 
6   9   30 
7   10   11 
8   13   12 
9   13   24 
=====================Loss of Loads ====================================
LoadBus   LoadBefore   LoadAfter  SheddingLoad
3   0.090000   0.000000   0.090000 
12   2.740000   2.466000   0.274000 
11   6.800000   6.120000   0.680000 
=====================Tripped Generators ====================================
Bus
21  
24  
=====================Line Failure and Hardening in Storm Path====================================
LineNum  FromBus   ToBus   FailureRate  IsReinforce  Failed
2    2   1  0.300000  0   1
7    5   4  0.300000  0   1
9    6   5  0.300000  0   1
10    7   6  0.300000  0   1
13    9   30  0.300000  0   1
15    10   11  0.300000  0   1
20    13   24  0.300000  0   1
22    14   25  0.000000  1   0
=====================Tripped Lines ====================================
LineNum  FromBus   ToBus
1   2   1 
2   4   1 
3   5   4 
4   6   5 
5   7   6 
6   9   30 
7   10   11 
8   13   24 
=====================Loss of Loads ====================================
LoadBus   LoadBefore   LoadAfter  SheddingLoad
3   0.090000   0.045000   0.045000 
30   3.220000   1.610000   1.610000 
31   5.000000   2.500000   2.500000 
34   2.340000   1.170000   1.170000 
35   5.220000   2.610000   2.610000 
6   3.200000   0.000000   3.200000 
=====================Tripped Generators ====================================
Bus
24  
=====================Line Failure and Hardening in Storm Path====================================
LineNum  FromBus   ToBus   FailureRate  IsReinforce  Failed
3    2   33  0.300000  0   1
7    5   4  0.300000  0   1
8    5   31  0.300000  0   1
9    6   5  0.300000  0   1
11    8   7  0.300000  0   1
14    10   7  0.300000  0   1
17    11   23  0.300000  0   1
19    13   12  0.300000  0   1
21    14   13  0.300000  0   1
22    14   25  0.000000  1   0
=====================Tripped Lines ====================================
LineNum  FromBus   ToBus
1   1   21 
2   2   33 
3   5   4 
4   5   31 
5   6   5 
6   8   7 
7   10   7 
8   11   23 
9   13   12 
10   13   24 
11   14   13 
=====================Loss of Loads ====================================
LoadBus   LoadBefore   LoadAfter  SheddingLoad
3   0.090000   0.000000   0.090000 
6   3.200000   2.720000   0.480000 
7   3.290000   2.796500   0.493500 
12   2.740000   2.329000   0.411000 
14   2.480000   2.108000   0.372000 
15   3.090000   2.626500   0.463500 
11   6.800000   3.400000   3.400000 
=====================Tripped Generators ====================================
Bus
21  
23  
23  
24  
