=====================Line Failure and Hardening in Storm Path====================================
LineNum  FromBus   ToBus   FailureRate  IsReinforce  Failed
3    2   33  0.300000  0   1
5    3   4  0.300000  0   1
6    4   1  0.300000  0   1
7    5   4  0.300000  0   1
9    6   5  0.000000  1   0
13    9   30  0.300000  0   1
15    10   11  0.300000  0   1
19    13   12  0.300000  0   1
20    13   24  0.300000  0   1
=====================Tripped Lines ====================================
LineNum  FromBus   ToBus
1   1   21 
2   2   33 
3   3   4 
4   4   1 
5   5   4 
6   9   30 
7   10   11 
8   13   12 
9   13   24 
=====================Loss of Loads ====================================
LoadBus   LoadBefore   LoadAfter  SheddingLoad
3   0.090000   0.000000   0.090000 
12   2.740000   2.466000   0.274000 
11   6.800000   6.120000   0.680000 
=====================Tripped Generators ====================================
Bus
21  
24  
=====================Line Failure and Hardening in Storm Path====================================
LineNum  FromBus   ToBus   FailureRate  IsReinforce  Failed
2    2   1  0.300000  0   1
7    5   4  0.300000  0   1
9    6   5  0.000000  1   0
10    7   6  0.300000  0   1
13    9   30  0.300000  0   1
15    10   11  0.300000  0   1
20    13   24  0.300000  0   1
22    14   25  0.300000  0   1
=====================Tripped Lines ====================================
LineNum  FromBus   ToBus
1   1   21 
2   2   1 
3   5   4 
4   7   6 
5   9   30 
6   10   11 
7   11   23 
8   13   24 
9   14   25 
10   31   30 
11   32   31 
=====================Loss of Loads ====================================
LoadBus   LoadBefore   LoadAfter  SheddingLoad
3   0.090000   0.045000   0.045000 
7   3.290000   1.645000   1.645000 
9   1.580000   0.790000   0.790000 
12   2.740000   1.370000   1.370000 
14   2.480000   1.240000   1.240000 
15   3.090000   1.545000   1.545000 
30   3.220000   2.737000   0.483000 
34   2.340000   1.170000   1.170000 
35   5.220000   2.610000   2.610000 
6   3.200000   0.000000   3.200000 
31   5.000000   0.000000   5.000000 
11   6.800000   0.000000   6.800000 
=====================Tripped Generators ====================================
Bus
21  
23  
23  
24  
25  
=====================Line Failure and Hardening in Storm Path====================================
LineNum  FromBus   ToBus   FailureRate  IsReinforce  Failed
3    2   33  0.300000  0   1
7    5   4  0.300000  0   1
8    5   31  0.300000  0   1
9    6   5  0.000000  1   0
11    8   7  0.300000  0   1
14    10   7  0.300000  0   1
17    11   23  0.300000  0   1
19    13   12  0.300000  0   1
21    14   13  0.300000  0   1
=====================Tripped Lines ====================================
LineNum  FromBus   ToBus
1   1   21 
2   2   33 
3   5   4 
4   5   31 
5   8   7 
6   10   7 
7   11   23 
8   13   12 
9   13   24 
10   14   13 
=====================Loss of Loads ====================================
LoadBus   LoadBefore   LoadAfter  SheddingLoad
3   0.090000   0.000000   0.090000 
6   3.200000   2.720000   0.480000 
7   3.290000   2.796500   0.493500 
12   2.740000   2.329000   0.411000 
14   2.480000   2.108000   0.372000 
15   3.090000   2.626500   0.463500 
11   6.800000   3.400000   3.400000 
=====================Tripped Generators ====================================
Bus
21  
23  
23  
24  
=====================Line Failure and Hardening in Storm Path====================================
LineNum  FromBus   ToBus   FailureRate  IsReinforce  Failed
3    2   33  0.300000  0   1
5    3   4  0.300000  0   1
6    4   1  0.300000  0   1
7    5   4  0.300000  0   1
10    7   6  0.000000  1   0
13    9   30  0.300000  0   1
15    10   11  0.300000  0   1
19    13   12  0.300000  0   1
20    13   24  0.300000  0   1
=====================Tripped Lines ====================================
LineNum  FromBus   ToBus
1   1   21 
2   2   33 
3   3   4 
4   4   1 
5   5   4 
6   9   30 
7   10   11 
8   13   12 
9   13   24 
=====================Loss of Loads ====================================
LoadBus   LoadBefore   LoadAfter  SheddingLoad
3   0.090000   0.000000   0.090000 
12   2.740000   2.466000   0.274000 
11   6.800000   6.120000   0.680000 
=====================Tripped Generators ====================================
Bus
21  
24  
=====================Line Failure and Hardening in Storm Path====================================
LineNum  FromBus   ToBus   FailureRate  IsReinforce  Failed
2    2   1  0.300000  0   1
7    5   4  0.300000  0   1
9    6   5  0.300000  0   1
10    7   6  0.000000  1   0
13    9   30  0.300000  0   1
15    10   11  0.300000  0   1
20    13   24  0.300000  0   1
22    14   25  0.300000  0   1
=====================Tripped Lines ====================================
LineNum  FromBus   ToBus
1   1   21 
2   2   1 
3   5   4 
4   6   5 
5   9   30 
6   10   11 
7   11   23 
8   13   24 
9   14   25 
10   17   16 
11   18   8 
12   19   17 
13   20   17 
14   20   19 
15   20   26 
16   105   101 
17   106   105 
18   107   105 
19   111   105 
20   133   131 
21   133   132 
22   135   115 
23   135   122 
24   135   131 
25   135   132 
26   135   133 
27   135   134 
28   138   67 
29   138   126 
30   138   132 
31   138   137 
32   139   131 
33   139   135 
34   139   136 
=====================Loss of Loads ====================================
LoadBus   LoadBefore   LoadAfter  SheddingLoad
3   0.090000   0.045000   0.045000 
16   2.240000   1.120000   1.120000 
30   3.220000   1.610000   1.610000 
31   5.000000   2.500000   2.500000 
34   2.340000   1.170000   1.170000 
35   5.220000   2.610000   2.610000 
126   4.500000   2.250000   2.250000 
131   11.600000   5.800000   5.800000 
6   3.200000   1.600000   1.600000 
7   3.290000   1.645000   1.645000 
9   1.580000   0.790000   0.790000 
12   2.740000   1.370000   1.370000 
14   2.480000   1.240000   1.240000 
15   3.090000   1.545000   1.545000 
11   6.800000   0.000000   6.800000 
17   1.390000   0.000000   1.390000 
18   2.810000   0.000000   2.810000 
19   2.060000   0.000000   2.060000 
20   2.840000   0.000000   2.840000 
138   1.100000   0.000000   1.100000 
=====================Tripped Generators ====================================
Bus
21  
23  
23  
24  
25  
26  
=====================Line Failure and Hardening in Storm Path====================================
LineNum  FromBus   ToBus   FailureRate  IsReinforce  Failed
3    2   33  0.300000  0   1
7    5   4  0.300000  0   1
8    5   31  0.300000  0   1
9    6   5  0.300000  0   1
10    7   6  0.000000  1   0
11    8   7  0.300000  0   1
14    10   7  0.300000  0   1
17    11   23  0.300000  0   1
19    13   12  0.300000  0   1
21    14   13  0.300000  0   1
=====================Tripped Lines ====================================
LineNum  FromBus   ToBus
1   1   21 
2   2   33 
3   5   4 
4   5   31 
5   6   5 
6   8   7 
7   10   7 
8   11   23 
9   13   12 
10   13   24 
11   14   13 
=====================Loss of Loads ====================================
LoadBus   LoadBefore   LoadAfter  SheddingLoad
3   0.090000   0.000000   0.090000 
6   3.200000   2.720000   0.480000 
7   3.290000   2.796500   0.493500 
12   2.740000   2.329000   0.411000 
14   2.480000   2.108000   0.372000 
15   3.090000   2.626500   0.463500 
11   6.800000   3.400000   3.400000 
=====================Tripped Generators ====================================
Bus
21  
23  
23  
24  
=====================Line Failure and Hardening in Storm Path====================================
LineNum  FromBus   ToBus   FailureRate  IsReinforce  Failed
3    2   33  0.300000  0   1
5    3   4  0.300000  0   1
6    4   1  0.300000  0   1
7    5   4  0.300000  0   1
11    8   7  0.000000  1   0
13    9   30  0.300000  0   1
15    10   11  0.300000  0   1
19    13   12  0.300000  0   1
20    13   24  0.300000  0   1
=====================Tripped Lines ====================================
LineNum  FromBus   ToBus
1   1   21 
2   2   33 
3   3   4 
4   4   1 
5   5   4 
6   9   30 
7   10   11 
8   13   12 
9   13   24 
=====================Loss of Loads ====================================
LoadBus   LoadBefore   LoadAfter  SheddingLoad
3   0.090000   0.000000   0.090000 
12   2.740000   2.466000   0.274000 
11   6.800000   6.120000   0.680000 
=====================Tripped Generators ====================================
Bus
21  
24  
=====================Line Failure and Hardening in Storm Path====================================
LineNum  FromBus   ToBus   FailureRate  IsReinforce  Failed
2    2   1  0.300000  0   1
7    5   4  0.300000  0   1
9    6   5  0.300000  0   1
10    7   6  0.300000  0   1
11    8   7  0.000000  1   0
13    9   30  0.300000  0   1
15    10   11  0.300000  0   1
20    13   24  0.300000  0   1
22    14   25  0.300000  0   1
=====================Tripped Lines ====================================
LineNum  FromBus   ToBus
1   1   21 
2   2   1 
3   5   4 
4   6   5 
5   7   6 
6   9   30 
7   10   11 
8   11   23 
9   13   24 
10   14   25 
11   17   16 
12   18   8 
13   20   26 
=====================Loss of Loads ====================================
LoadBus   LoadBefore   LoadAfter  SheddingLoad
3   0.090000   0.045000   0.045000 
30   3.220000   1.610000   1.610000 
31   5.000000   2.500000   2.500000 
34   2.340000   1.170000   1.170000 
35   5.220000   2.610000   2.610000 
6   3.200000   0.000000   3.200000 
7   3.290000   2.961000   0.329000 
9   1.580000   1.422000   0.158000 
12   2.740000   2.466000   0.274000 
14   2.480000   2.232000   0.248000 
15   3.090000   2.781000   0.309000 
11   6.800000   0.000000   6.800000 
17   1.390000   0.000000   1.390000 
18   2.810000   0.000000   2.810000 
19   2.060000   0.000000   2.060000 
20   2.840000   0.000000   2.840000 
=====================Tripped Generators ====================================
Bus
21  
23  
23  
24  
25  
26  
=====================Line Failure and Hardening in Storm Path====================================
LineNum  FromBus   ToBus   FailureRate  IsReinforce  Failed
3    2   33  0.300000  0   1
7    5   4  0.300000  0   1
8    5   31  0.300000  0   1
9    6   5  0.300000  0   1
11    8   7  0.000000  1   0
14    10   7  0.300000  0   1
17    11   23  0.300000  0   1
19    13   12  0.300000  0   1
21    14   13  0.300000  0   1
=====================Tripped Lines ====================================
LineNum  FromBus   ToBus
1   1   21 
2   2   33 
3   5   4 
4   5   31 
5   6   5 
6   10   7 
7   11   23 
8   13   12 
9   13   24 
10   14   13 
=====================Loss of Loads ====================================
LoadBus   LoadBefore   LoadAfter  SheddingLoad
3   0.090000   0.000000   0.090000 
6   3.200000   2.880000   0.320000 
7   3.290000   2.961000   0.329000 
9   1.580000   1.422000   0.158000 
12   2.740000   2.466000   0.274000 
14   2.480000   2.232000   0.248000 
15   3.090000   2.781000   0.309000 
18   2.810000   2.529000   0.281000 
30   3.220000   2.898000   0.322000 
31   5.000000   4.500000   0.500000 
34   2.340000   1.170000   1.170000 
11   6.800000   3.400000   3.400000 
=====================Tripped Generators ====================================
Bus
21  
23  
23  
24  
=====================Line Failure and Hardening in Storm Path====================================
LineNum  FromBus   ToBus   FailureRate  IsReinforce  Failed
3    2   33  0.300000  0   1
5    3   4  0.300000  0   1
6    4   1  0.300000  0   1
7    5   4  0.300000  0   1
12    9   8  0.000000  1   0
13    9   30  0.300000  0   1
15    10   11  0.300000  0   1
19    13   12  0.300000  0   1
20    13   24  0.300000  0   1
=====================Tripped Lines ====================================
LineNum  FromBus   ToBus
1   1   21 
2   2   33 
3   3   4 
4   4   1 
5   5   4 
6   9   30 
7   10   11 
8   13   12 
9   13   24 
=====================Loss of Loads ====================================
LoadBus   LoadBefore   LoadAfter  SheddingLoad
3   0.090000   0.000000   0.090000 
12   2.740000   2.466000   0.274000 
11   6.800000   6.120000   0.680000 
=====================Tripped Generators ====================================
Bus
21  
24  
=====================Line Failure and Hardening in Storm Path====================================
LineNum  FromBus   ToBus   FailureRate  IsReinforce  Failed
2    2   1  0.300000  0   1
7    5   4  0.300000  0   1
9    6   5  0.300000  0   1
10    7   6  0.300000  0   1
12    9   8  0.000000  1   0
13    9   30  0.300000  0   1
15    10   11  0.300000  0   1
20    13   24  0.300000  0   1
22    14   25  0.300000  0   1
=====================Tripped Lines ====================================
LineNum  FromBus   ToBus
1   1   21 
2   2   1 
3   5   4 
4   6   5 
5   7   6 
6   9   30 
7   10   11 
8   11   23 
9   13   24 
10   14   25 
11   17   16 
12   18   8 
13   20   26 
=====================Loss of Loads ====================================
LoadBus   LoadBefore   LoadAfter  SheddingLoad
3   0.090000   0.045000   0.045000 
30   3.220000   1.610000   1.610000 
31   5.000000   2.500000   2.500000 
34   2.340000   1.170000   1.170000 
35   5.220000   2.610000   2.610000 
6   3.200000   0.000000   3.200000 
7   3.290000   2.961000   0.329000 
9   1.580000   1.422000   0.158000 
12   2.740000   2.466000   0.274000 
14   2.480000   2.232000   0.248000 
15   3.090000   2.781000   0.309000 
11   6.800000   0.000000   6.800000 
17   1.390000   0.000000   1.390000 
18   2.810000   0.000000   2.810000 
19   2.060000   0.000000   2.060000 
20   2.840000   0.000000   2.840000 
=====================Tripped Generators ====================================
Bus
21  
23  
23  
24  
25  
26  
=====================Line Failure and Hardening in Storm Path====================================
LineNum  FromBus   ToBus   FailureRate  IsReinforce  Failed
3    2   33  0.300000  0   1
7    5   4  0.300000  0   1
8    5   31  0.300000  0   1
9    6   5  0.300000  0   1
11    8   7  0.300000  0   1
12    9   8  0.000000  1   0
14    10   7  0.300000  0   1
17    11   23  0.300000  0   1
19    13   12  0.300000  0   1
21    14   13  0.300000  0   1
=====================Tripped Lines ====================================
LineNum  FromBus   ToBus
1   1   21 
2   2   33 
3   5   4 
4   5   31 
5   6   5 
6   8   7 
7   10   7 
8   11   23 
9   13   12 
10   13   24 
11   14   13 
=====================Loss of Loads ====================================
LoadBus   LoadBefore   LoadAfter  SheddingLoad
3   0.090000   0.000000   0.090000 
6   3.200000   2.720000   0.480000 
7   3.290000   2.796500   0.493500 
12   2.740000   2.329000   0.411000 
14   2.480000   2.108000   0.372000 
15   3.090000   2.626500   0.463500 
11   6.800000   3.400000   3.400000 
=====================Tripped Generators ====================================
Bus
21  
23  
23  
24  
