=====================Line Failure and Hardening in Storm Path====================================
LineNum  FromBus   ToBus   FailureRate  IsReinforce  Failed
3    2   33  0.300000  0   1
5    3   4  0.300000  0   1
6    4   1  0.300000  0   1
7    5   4  0.300000  0   1
13    9   30  0.300000  0   1
15    10   11  0.300000  0   1
17    11   23  0.000000  1   0
19    13   12  0.300000  0   1
20    13   24  0.300000  0   1
=====================Tripped Lines ====================================
LineNum  FromBus   ToBus
1   1   21
2   2   33
3   3   4
4   4   1
5   5   4
6   9   30
7   10   11
8   13   12
9   13   24
=====================Loss of Loads ====================================
LoadBus   LoadBefore   LoadAfter  SheddingLoad
3   0.090000   0.000000   0.090000
12   2.740000   2.466000   0.274000
11   6.800000   6.120000   0.680000
=====================Tripped Generators ====================================
Bus
21
24
